"Maxtemp" "Modst" "Modsp" "Modthik"
"1" 14.3 288.6 1000.8 5591.2
"2" 15.2 284.6 1010.8 5438.6
"3" 18.7 285.7 1011 5505.2
"4" 18.4 285.8 1004.5 5560.3
"5" 20.9 286.5 1002.9 5530.8
"6" 23.4 287.6 1003.4 5558.3
"7" 18.5 286.3 1005.4 5474.6
"8" 17.9 285.3 1013.8 5532.6
"9" 22.3 285.9 1015 5535.2
"10" 20 287.9 1005.6 5550.6
"11" 17.6 287.1 1014.9 5401.6
"12" 21.7 285.3 1013.9 5503.5
"13" 19.1 286.7 1015.5 5516.2
"14" 20.7 286.3 1015 5514.3
"15" 21.4 286.3 1011.4 5502
"16" 21.1 286.2 1012.9 5548.4
"17" 18.3 287.4 1011.4 5532.2
"18" 19.2 286.4 1013.3 5510.5
"19" 19.8 287.7 1013.6 5492.3
"20" 20.6 288.7 1014.1 5501.6
"21" 16.5 288.6 1010.3 5490.1
"22" 18 288.3 1011 5524.5
"23" 21.8 288.4 1008.3 5571.6
"24" 23.5 290 1007.5 5606.6
"25" 19.6 290.1 1005.2 5610.3
"26" 17.6 287.1 1011.8 5465
"27" 14.6 284.5 1015.5 5462.6
"28" 16.8 284.2 1020 5466.7
"29" 18.1 285.5 1016.2 5455.3
"30" 20 287.2 1013.5 5468.8
"31" 23.1 287.4 1011.6 5557.7
"32" 17 288.8 1004.8 5587.4
"33" 16.8 287 1005.9 5433.4
"34" 18.3 285.9 1012.2 5502.3
"35" 16.8 286.2 1009 5482
"36" 16.7 286.6 1015 5455.1
"37" 18.3 288.6 999.2 5472.8
"38" 21.8 286.7 995 5479.7
"39" 21.4 287.6 993.7 5485.8
"40" 17.6 287.2 997.1 5505.8
"41" 20.4 287.8 1000.4 5583.6
"42" 22.8 288.9 996.3 5586.2
"43" 19.2 287.7 1005.3 5452.1
"44" 19.2 285.6 1010.1 5424.9
"45" 17.3 285.5 1011.8 5465.8
"46" 19.1 287.5 1013.1 5506.1
"47" 19.4 288.1 1012 5507.8
"48" 17.9 286.6 1014.8 5529.5
"49" 20.3 286.9 1012.8 5531.9
"50" 22.4 287.4 1012.6 5548
"51" 27.3 289.4 1014.1 5570.1
"52" 29 289.9 1014.2 5563.2
"53" 29.7 290.3 1012.8 5567.1
"54" 18.1 290.3 1008.5 5600.6
"55" 21.6 290.2 1011.1 5592
"56" 22.7 290.7 998.9 5607.2
"57" 19.2 287.7 999.7 5471.4
"58" 21.7 287.4 1008.3 5527.2
"59" 21.8 289 1008 5611.7
"60" 28.3 291 1005.7 5639.8
"61" 34.9 291.8 997.2 5689.1
"62" 21.1 290.7 994.2 5600.7
"63" 15.6 288.2 1009.2 5412.4
"64" 18.2 285.4 1013.2 5429.4
"65" 20.3 287.1 1012.4 5470.2
"66" 22.4 289.6 1010.7 5505.8
"67" 21 289.6 1010.3 5508.8
"68" 23.6 289.6 1004 5565.7
"69" 21.2 291.4 997.1 5622.5
"70" 25.7 291.8 996.1 5643.6
"71" 24.3 289.7 994.9 5560.1
"72" 25.2 289.2 1003 5547.8
"73" 19.7 290.1 1003.4 5517.4
"74" 20.5 288.4 1008.2 5452.9
"75" 22.6 288.9 1007.5 5516.1
"76" 25.7 290.4 1004.1 5567.9
"77" 29.4 291.1 995.6 5612.2
"78" 23.6 289.1 995.8 5510.4
"79" 20.7 288.9 1004.4 5564.4
"80" 22.3 289.4 999.1 5628.7
"81" 20.2 290.3 989.5 5612.2
"82" 20.2 288.8 1005.9 5531.4
"83" 20.9 289.1 1012.5 5484.1
"84" 17.3 285.6 1013.9 5434.5
"85" 15 286.3 1017.8 5439.3
"86" 14.3 285 1020.6 5416.2
"87" 15.2 284.6 1020.2 5464.8
"88" 20.4 285.7 1021 5509.7
"89" 19.8 286.9 1015.6 5502.6
"90" 14.8 287.6 1017.7 5370.9
"91" 13.8 285 1022.5 5315.8
"92" 14.5 284.9 1029.2 5383.3
"93" 18.2 285.7 1031.7 5422.2
"94" 22.3 286.6 1028.8 5483.5
"95" 24 288.5 1019.3 5515.6
"96" 16.2 288.1 1022.7 5360.8
"97" 15.9 286 1026.4 5411.3
"98" 17.7 285.8 1029.3 5435.4
"99" 16.4 286.1 1023.2 5421.3
"100" 14.3 285.1 1021.2 5380.4
"101" 15.3 288 1026.8 5388.3
"102" 15.6 287.8 1026.5 5397
"103" 18.8 289 1019.2 5442.3
"104" 19.6 286.6 1019.7 5481.8
"105" 23.9 287.4 1017.2 5494.7
"106" 20.8 288 1030 5515.9
"107" 21.5 287.7 1029.5 5525.9
"108" 27 288.2 1024.1 5553
"109" 19.2 289.9 1018.2 5526.7
"110" 17.4 291 1024 5453.4
"111" 18.9 289.4 1024.5 5462.1
"112" 23 288.2 1024.2 5500.8
"113" 21 289.3 1025.8 5518.7
"114" 28.6 288.1 1024.2 5538.9
"115" 22.3 290.7 1019 5560.4
"116" 25.8 291.4 1020.2 5514.3
"117" 21.7 291 1010.7 5537.5
"118" 14.7 288.9 1021.1 5409.8
"119" 16.9 287.5 1023 5491.1
"120" 16.7 287.4 1017.2 5451.7
"121" 17.8 288.4 1020.5 5439
"122" 21.1 288.9 1023.4 5512.3
"123" 25.9 288.4 1016.5 5570
"124" 25.6 290.6 1009.1 5532.1
"125" 19.4 291.3 1010.8 5490.3
"126" 19.1 288.8 1014.5 5473.9
"127" 24.3 289.7 1012.4 5500.9
"128" 20.3 290.1 1016.4 5462.4
"129" 25.2 288.5 1014.3 5525.4
"130" 17.9 290.3 1011.9 5402.7
"131" 19.5 289.2 1013.8 5333.1
"132" 13.6 286.9 1010.2 5362.6
"133" 23.5 287 1018.6 5470.8
"134" 29.1 287.9 1010.6 5524.2
"135" 23.7 290.8 1008 5480.1
"136" 17.2 290 1011.1 5463.3
"137" 22.2 288.6 1011 5456
"138" 16.5 288.6 1002.6 5375.5
"139" 21.9 285.9 1004.6 5405.2
"140" 26.8 287.7 1004.6 5499.8
"141" 23.7 291.3 1004.1 5459.5
"142" 19.5 289.4 1014.6 5522.3
"143" 24.9 289.7 1004.8 5639.8
"144" 25.1 290.3 1006 5494.1
"145" 29.6 291.3 1005.3 5554.6
"146" 21.2 292.4 1008 5497.4
"147" 27.2 290.5 1012.6 5528.6
"148" 26.8 291.7 998.2 5645.5
"149" 18.8 291.7 1007.9 5384.3
"150" 17.6 288.2 1012.2 5431.8
"151" 23.6 289.2 1020.2 5534.3
"152" 25.5 291 1014.8 5543.8
"153" 18.1 293.1 1020.9 5454.5
"154" 18.7 289.2 1017.9 5478.7
"155" 19.4 290.7 1020.3 5516.4
"156" 25 290.9 1021.5 5575.3
"157" 33.3 292.2 1012.5 5630.5
"158" 19.9 295.2 1013.2 5571.1
"159" 17.4 291.3 1012 5563.2
"160" 21 291.4 1006.7 5556.4
"161" 16.5 291 1011.8 5470.6
"162" 18.1 289.7 1022.4 5463.3
"163" 20.5 289.7 1022.4 5451.6
"164" 22.2 290.3 1021 5502
"165" 25 291.4 1021.1 5577.7
"166" 30 292.5 1019.1 5623.1
"167" 22.4 294.2 1013.5 5625.7
"168" 25 293.2 1004.5 5657.2
"169" 19.6 294.4 1011.6 5493
"170" 22.6 290 1013.1 5475.7
"171" 22.5 289.1 1018.2 5524.3
"172" 19.3 286.1 1016 5442.2
"173" 15.5 285.6 1014.8 5374.1
"174" 17.4 284.6 1022.1 5440.1
"175" 15.5 285.8 1024.2 5444.9
"176" 15.6 285.2 1020.3 5457.1
"177" 15.8 284.6 1015 5362.9
"178" 13.3 285.1 1013.7 5344.5
"179" 13.7 284.6 1019.6 5366.7
"180" 13.7 285.2 1026.1 5436.2
"181" 17.2 287.1 1031.9 5469.1
"182" 18.9 285.9 1031.3 5472.1
"183" 17.4 287.3 1029.7 5483.2
"184" 19.6 287.1 1028.7 5507.2
"185" 19.5 287.3 1027.5 5490.3
"186" 22.7 288.6 1028.6 5521.1
"187" 27.4 288.1 1027.2 5607.1
"188" 27.3 289.6 1024.9 5642
"189" 25 290.4 1023.7 5634.6
"190" 26.2 289.6 1020 5655.6
"191" 27.2 289.4 1014.9 5636.6
"192" 19.3 291.2 1014.6 5629.3
"193" 29.3 289.7 1016.3 5611.7
"194" 19.8 290.2 1026.3 5598.8
"195" 24.5 289.1 1023.2 5602.3
"196" 30.9 290 1024.2 5585.4
"197" 24.2 291 1023.4 5573.9
"198" 18.5 289.9 1030.1 5494.9
"199" 21.9 287.8 1028.2 5551.7
"200" 29.3 288.9 1017 5624.5
"201" 30.5 290.3 1011.1 5575.5
"202" 20.2 290.9 1011.1 5541.7
"203" 15.4 289.1 1020 5480.1
"204" 20.3 288.3 1015 5508.9
"205" 23.7 287.7 1010.1 5506.8
"206" 14.7 288.2 1001.6 5480.2
"207" 13.3 286.1 1012 5299.6
"208" 14.2 284.8 1020.6 5337
"209" 16.6 285.7 1020.4 5392.2
"210" 18.8 286.5 1013 5473.1
"211" 20.8 289.1 1013.6 5530
"212" 17.3 289.2 1012.9 5496.7
"213" 18.6 289 1023.4 5509.3
"214" 20.4 288.7 1024.5 5554.4
"215" 25.8 288.2 1021.2 5576.8
"216" 17.6 290.3 1019.6 5557.2
"217" 16.4 290.8 1022 5552.4
"218" 15.6 289.3 1026.2 5516.2
"219" 19.9 288.5 1025.9 5539.2
"220" 26.6 289.5 1020.5 5562.2
"221" 26.9 290.9 1015.5 5603.8
"222" 23.6 292.2 1011.3 5505.8
"223" 21.4 289.3 1016.3 5569.3
"224" 26.6 288.4 1014.2 5559.4
"225" 19.4 290.9 1008.7 5542.9
"226" 14.8 288.7 1009.8 5470.8
"227" 14.5 286.4 1012 5463.5
"228" 14.7 287 1018 5469.2
"229" 16.3 287.2 1020.4 5518.9
"230" 15.6 288.6 1017.8 5477.1
"231" 19 288.4 1015.5 5483.4
"232" 23.9 289.9 1010.8 5564.6
"233" 24.3 290.6 1008.8 5577.5
"234" 18.2 291.8 1004 5543.3
"235" 17 290.1 1010 5435.9
"236" 21.2 288.6 1015.3 5547.1
"237" 26.8 288.8 1013 5543.2
"238" 26.4 292 1012 5529.1
"239" 17.5 290.2 1013.9 5484.9
"240" 17.6 290.4 1022.3 5457.8
"241" 24.6 288.3 1021.6 5552.5
"242" 29 292 1006.5 5646
"243" 18.3 292 1013.8 5645.4
"244" 19.8 291.1 1019.7 5575.8
"245" 20.4 290.6 1015.1 5608.4
"246" 23 291.8 1007.9 5550.2
"247" 17.3 288.4 1010.3 5571.7
"248" 19.2 289.4 1016.3 5557.2
"249" 19 290.2 1016.8 5541.2
"250" 21.2 290.5 1013.4 5521.5
"251" 22.5 291.7 1013.4 5523.2
"252" 20.1 291.5 1004.6 5577.6
"253" 18.6 291.6 1006.8 5544.9
"254" 17.4 290.2 1016.6 5458.5
"255" 20.3 286.7 998 5470.8
"256" 22.2 287.3 1000.7 5469
"257" 21.3 286.3 999.8 5455.4
"258" 19 287.6 1001.2 5410.5
"259" 20.5 287 1007.2 5450.2
"260" 19 286 1002.1 5451.6
"261" 14.2 287.7 1009.1 5330.6
"262" 15.5 284 1014.5 5412.6
"263" 16.3 283.3 1014 5435.9
"264" 20.3 285 1015.6 5505.6
"265" 23 287.3 1009.2 5537.7
"266" 22.5 287.3 1009.9 5528.4
"267" 26.3 289.6 1003.6 5583.6
"268" 16.7 289.9 1006.7 5496.8
"269" 20.3 289.4 1004.9 5478.5
"270" 20.4 289.5 1007.4 5439
"271" 20.4 286.6 1000.4 5420.5
"272" 11.2 286.5 1000.3 5317.8
"273" 14.8 284.7 1009.6 5396.2
"274" 15 283.8 1016.8 5429.7
"275" 16.1 285.7 1013.3 5466.8
"276" 17.4 285.5 1003.2 5436.6
"277" 16.8 286.5 1008.1 5429.9
"278" 21.1 287.1 1013.3 5502.6
"279" 18.1 286.6 1016.5 5513
"280" 19.8 288.4 1013.4 5540.5
"281" 24.1 288.1 1002.5 5534.4
"282" 15.6 291.2 1008.1 5482
"283" 17.7 288.6 1014.5 5455.6
"284" 17.7 285.5 996 5514.3
"285" 16.1 286.4 988.2 5513.9
"286" 20.4 287.3 995.4 5468.5
"287" 19.8 286.1 1006.6 5437.6
"288" 22.2 285.4 1003.1 5450.3
"289" 20.5 286.8 1002.1 5417.3
"290" 20.2 286.1 1004 5470.6
"291" 22.8 286.4 999.9 5479.5
"292" 21.4 289.2 999.3 5432.8
"293" 19.2 287 995.2 5433.3
"294" 18.7 289.1 1004.9 5483.6
"295" 23.4 286.3 987.7 5573.5
"296" 17.6 289.5 995.8 5352.9
"297" 21.9 285 1000.4 5449.2
"298" 25.3 284 1005.9 5517.4
"299" 30.5 287.7 1002.2 5621.9
"300" 30.3 291.6 1004.3 5629.6
"301" 22.8 293.7 1009.4 5591.5
"302" 30 294.1 999 5604.8
"303" 19 293.8 990.6 5543.8
"304" 15.3 292.4 998.9 5376.2
"305" 17.6 285.4 1003.9 5429.7
"306" 24.7 284.1 998 5580.3
"307" 31.6 285.2 1000.4 5592.4
"308" 22.1 291.6 1008.7 5456
"309" 24.7 290.2 1008 5480.1
"310" 18.6 288.7 1005.5 5496.3
"311" 18.6 291.9 1006.7 5532.5
"312" 22 288.1 990.7 5614.4
"313" 22.9 288.5 985.5 5515.9
"314" 19.8 292.4 995 5455.9
"315" 24.2 286.9 1011.8 5445.4
"316" 24.6 287 1015.1 5497.4
"317" 23.5 289.3 1013.1 5520.6
"318" 24.3 290.9 1006.2 5583.2
"319" 17.7 290.7 996.9 5635
"320" 16.7 293.4 1010.9 5495
"321" 19.4 290.5 1017.4 5519.6
"322" 25.8 288.1 1013.3 5572
"323" 29.9 288.5 1006.2 5617.6
"324" 34.1 292.2 1000.5 5691.8
"325" 22.4 295 999.9 5619.3
"326" 21.4 296.8 1013 5549.3
"327" 22.4 288 1016.9 5544.7
"328" 24.6 289.2 1016.3 5557
"329" 26.7 290.9 1011 5587.6
"330" 18.3 291.9 1007.2 5620
"331" 23.6 293.1 1004.2 5584.6
"332" 28.6 292.4 1001.7 5584.7
"333" 15.3 291.8 1014 5423.7
"334" 17.8 292 1018.5 5496.9
"335" 19.5 285.3 1018 5528
"336" 20.6 287.5 1022.2 5524.5
"337" 21.2 287.6 1018.6 5590.3
"338" 23.8 287.4 1013.1 5645.6
"339" 18.1 289.8 1011.2 5601
"340" 19 293.8 1010.6 5562.8
"341" 24 290.9 1006.1 5572.4
"342" 24.6 289.8 1006.7 5567.6
"343" 21.1 292.2 1007.4 5516.5
"344" 19 293.7 1014.9 5484.4
"345" 14.9 287.7 1019.1 5451.6
"346" 16.2 287.6 1019.1 5408.4
"347" 14.5 288.3 1020.2 5390.8
"348" 15.4 287.8 1019.4 5370.1
"349" 17.5 287.5 1014.9 5416.6
"350" 20.2 288.8 999.3 5480.7
"351" 19.2 287.8 1001.3 5392.8
"352" 17.5 285.4 1008 5370.7
"353" 16.9 285.5 1011.8 5445.9
"354" 19.9 286.4 1004.7 5544.4
"355" 18.8 288.8 1000.1 5450
"356" 20.6 287 1009.2 5452.2
"357" 19.1 287.8 1015 5441.9
"358" 26.8 289.8 1003.6 5504.2
"359" 18 287.7 1009.5 5404.5
"360" 16.7 286.8 1015.7 5415.6
"361" 15 288.6 1017.8 5433.5
"362" 17.2 289.4 1018.2 5426.5
"363" 20.9 288.9 1015.7 5441.7
"364" 23.8 289.2 1007.7 5450.1
"365" 14.5 287 1002 5334.9
"366" 17.3 285.5 1003.7 5368.9
"367" 17.4 286.4 1004.7 5374
"368" 18.1 286.9 1008.5 5434.5
"369" 19.6 288.1 1013.6 5460
